Mixed Structure: Beam on 8H Foundation with Bar Bracing
10    3    1    1
1    1    1    1    0.0    0.0    0.0
2    1    1    1    1.0    0.0    0.0
3    0    0    0    1.0    1.0    0.0
4    0    0    0    0.0    1.0    0.0
5    1    1    1    0.0    0.0    1.0
6    1    1    1    1.0    0.0    1.0
7    0    0    0    1    1    1    1.0    1.0    1.0
8    0    0    0    0.0    1.0    1.0
9    0    0    0    4.0    1.0    1.0
10   1    1    1    4.0    0.0    1.0
1    1
9    2    -500.0
2    1    1
1    2.0E11    0.3
1    1    2    3    4    5    6    7    8    1
3    1    1
1    2.0E11    0.3    0.3    0.3    0.05    0.05    0.05    0.05    0    0    1
1    7    9    1
1    1    1
1    2.0E11    0.02
1    10    9    1
